0 0.083496 0.648588 0.071289 0.114413
0 0.075195 0.432392 0.062500 0.133730
0 0.080566 0.288262 0.055664 0.124814
0 0.057129 0.167162 0.055664 0.090639
0 0.129395 0.071322 0.057617 0.109955
0 0.219238 0.156761 0.063477 0.117385
0 0.206543 0.371471 0.049805 0.104012
0 0.235840 0.560178 0.063477 0.112927
0 0.266113 0.472511 0.043945 0.104012
0 0.387695 0.281575 0.054688 0.108470
0 0.415039 0.202823 0.050781 0.093611
0 0.577148 0.459881 0.052734 0.096582
0 0.791016 0.593611 0.052734 0.126300
0 0.754395 0.414562 0.053711 0.106984
0 0.909180 0.436107 0.068359 0.108470
0 0.929199 0.644131 0.067383 0.138187
0 0.822266 0.176077 0.035156 0.078752
0 0.729492 0.092125 0.046875 0.101040
0 0.911621 0.265230 0.043945 0.108470
0 0.929688 0.168648 0.037109 0.072808
0 0.608398 0.112184 0.039062 0.090639
0 0.589355 0.293462 0.045898 0.096582
0 0.580078 0.632987 0.048828 0.112927
0 0.448242 0.629272 0.062500 0.138187
0 0.373535 0.415305 0.053711 0.114413
