0 0.818519 0.834308 0.025926 0.054581
0 0.371759 0.726121 0.028704 0.048733
0 0.565278 0.687135 0.021296 0.048733
0 0.301852 0.671540 0.022222 0.060429
0 0.110185 0.748538 0.027778 0.054581
0 0.211574 0.641326 0.025000 0.042885
0 0.264352 0.578947 0.019444 0.038986
0 0.140278 0.576023 0.023148 0.040936
0 0.075463 0.636452 0.025000 0.052632
0 0.382407 0.638402 0.018519 0.040936
0 0.460648 0.709552 0.021296 0.038986
0 0.521296 0.647173 0.018519 0.042885
0 0.438426 0.650097 0.019444 0.037037
0 0.707407 0.703704 0.020370 0.038986
0 0.781944 0.719298 0.019444 0.038986
0 0.654630 0.687135 0.020370 0.037037
0 0.586574 0.603314 0.015741 0.033138
0 0.843519 0.751462 0.020370 0.037037
0 0.112037 0.517544 0.018519 0.033138
0 0.643056 0.621832 0.017593 0.035088
0 0.439352 0.580897 0.017593 0.031189
0 0.174537 0.550682 0.017593 0.040936
0 0.168056 0.476608 0.017593 0.029240
0 0.325463 0.611111 0.019444 0.037037
0 0.491667 0.601365 0.014815 0.037037
0 0.612037 0.657895 0.018519 0.040936
0 0.523611 0.521442 0.015741 0.033138
0 0.472685 0.503899 0.019444 0.037037
0 0.340278 0.524366 0.017593 0.035088
0 0.235185 0.502924 0.018519 0.035088
0 0.222222 0.413255 0.016667 0.035088
0 0.431944 0.487329 0.015741 0.035088
0 0.687963 0.650097 0.020370 0.048733
0 0.361111 0.567251 0.014815 0.031189
0 0.355556 0.348928 0.012963 0.031189
0 0.595370 0.531189 0.014815 0.037037
0 0.389815 0.478558 0.016667 0.037037
0 0.943056 0.873294 0.028704 0.050682
0 0.931481 0.697856 0.018519 0.038986
0 0.782870 0.599415 0.019444 0.040936
0 0.548148 0.599415 0.016667 0.040936
0 0.576852 0.488304 0.016667 0.033138
0 0.744444 0.595517 0.016667 0.037037
0 0.536111 0.421053 0.011111 0.031189
0 0.472685 0.649123 0.021296 0.038986
0 0.890278 0.777778 0.021296 0.042885
0 0.892130 0.654971 0.021296 0.038986
0 0.869444 0.588694 0.016667 0.038986
0 0.668056 0.594542 0.013889 0.035088
0 0.634259 0.569201 0.018519 0.035088
0 0.723148 0.505848 0.014815 0.033138
0 0.656944 0.520468 0.017593 0.031189
0 0.320370 0.374269 0.012963 0.035088
0 0.260185 0.380117 0.020370 0.035088
0 0.190741 0.451267 0.014815 0.033138
0 0.405556 0.627680 0.018519 0.038986
0 0.396296 0.538986 0.018519 0.033138
0 0.812500 0.560429 0.017593 0.033138
