0 0.642593 0.669951 0.024074 0.036125
0 0.431944 0.720033 0.026852 0.047619
0 0.788889 0.608374 0.024074 0.041051
0 0.856019 0.573071 0.025000 0.042693
0 0.712500 0.587849 0.021296 0.042693
0 0.339815 0.623974 0.020370 0.036125
0 0.551852 0.715928 0.022222 0.039409
0 0.521759 0.740558 0.021296 0.039409
0 0.500000 0.407225 0.016667 0.032841
0 0.644907 0.471264 0.021296 0.036125
0 0.750926 0.452381 0.016667 0.031199
0 0.943519 0.477011 0.020370 0.034483
0 0.278704 0.604269 0.022222 0.042693
0 0.328704 0.423645 0.016667 0.029557
0 0.368056 0.433498 0.015741 0.026273
0 0.531481 0.568144 0.018519 0.036125
0 0.596296 0.592775 0.018519 0.039409
0 0.587037 0.404762 0.016667 0.031199
0 0.756944 0.377668 0.021296 0.036125
0 0.659259 0.412151 0.014815 0.026273
0 0.629167 0.412972 0.017593 0.027915
0 0.181944 0.601806 0.017593 0.037767
0 0.287500 0.423645 0.017593 0.036125
0 0.472685 0.371921 0.017593 0.034483
0 0.696759 0.451560 0.015741 0.032841
0 0.243519 0.434319 0.018519 0.031199
0 0.611111 0.646141 0.020370 0.037767
