0 0.129688 0.367901 0.031250 0.049383
0 0.212500 0.319753 0.028125 0.046914
0 0.101562 0.317284 0.031250 0.046914
0 0.318750 0.533333 0.025000 0.044444
0 0.502344 0.498765 0.029687 0.044444
0 0.249219 0.359259 0.029687 0.041975
0 0.354687 0.359259 0.025000 0.041975
0 0.323437 0.334568 0.025000 0.037037
0 0.275000 0.301235 0.025000 0.039506
0 0.421875 0.360494 0.025000 0.039506
0 0.347656 0.301235 0.029687 0.039506
0 0.598437 0.371605 0.025000 0.041975
0 0.695312 0.358025 0.031250 0.039506
0 0.806250 0.386420 0.025000 0.041975
0 0.864062 0.328395 0.028125 0.044444
0 0.785156 0.298765 0.026562 0.039506
0 0.508594 0.334568 0.023438 0.041975
0 0.476562 0.335802 0.025000 0.044444
0 0.497656 0.279012 0.032813 0.039506
0 0.660937 0.323457 0.025000 0.049383
0 0.571875 0.332099 0.028125 0.041975
0 0.728125 0.298765 0.028125 0.049383
0 0.696875 0.286420 0.025000 0.044444
0 0.631250 0.261728 0.025000 0.039506
0 0.392969 0.341975 0.029687 0.037037
