1 0.091250 0.303371 0.057500 0.089888
2 0.243750 0.361423 0.047500 0.071161
1 0.346250 0.271536 0.052500 0.086142
1 0.368750 0.685393 0.102500 0.194757
1 0.410000 0.477528 0.085000 0.131086
1 0.535000 0.258427 0.030000 0.059925
1 0.617500 0.436330 0.090000 0.153558
2 0.675000 0.207865 0.035000 0.071161
1 0.697500 0.307116 0.045000 0.074906
1 0.773750 0.451311 0.057500 0.093633
1 0.795000 0.282772 0.050000 0.078652
1 0.893750 0.528090 0.117500 0.164794
1 0.931250 0.213483 0.037500 0.059925
1 0.875000 0.217228 0.040000 0.067416
1 0.030000 0.612360 0.055000 0.116105
