0 0.132500 0.910204 0.045000 0.065306
0 0.030000 0.677551 0.040000 0.065306
0 0.151250 0.685714 0.037500 0.065306
0 0.045000 0.575510 0.035000 0.057143
0 0.166250 0.534694 0.042500 0.065306
0 0.058750 0.438776 0.037500 0.061224
0 0.165000 0.440816 0.035000 0.040816
0 0.203750 0.387755 0.032500 0.048980
0 0.066250 0.291837 0.032500 0.053061
0 0.098750 0.242857 0.027500 0.036735
0 0.212500 0.261224 0.035000 0.057143
0 0.120000 0.118367 0.030000 0.048980
0 0.210000 0.134694 0.035000 0.057143
0 0.228750 0.067347 0.032500 0.044898
0 0.396250 0.126531 0.017500 0.040816
1 0.472500 0.112245 0.020000 0.044898
1 0.518750 0.097959 0.022500 0.040816
0 0.455000 0.144898 0.030000 0.044898
0 0.458750 0.202041 0.027500 0.044898
1 0.438750 0.302041 0.027500 0.040816
0 0.475000 0.353061 0.020000 0.044898
0 0.453750 0.404082 0.022500 0.048980
0 0.457500 0.491837 0.030000 0.053061
0 0.433750 0.583673 0.037500 0.057143
0 0.468750 0.659184 0.032500 0.044898
0 0.477500 0.840816 0.035000 0.040816
0 0.493750 0.932653 0.042500 0.069388
0 0.462500 0.916327 0.015000 0.044898
1 0.523750 0.444898 0.032500 0.048980
0 0.555000 0.487755 0.035000 0.061224
0 0.562500 0.393878 0.035000 0.053061
0 0.535000 0.387755 0.025000 0.048980
0 0.526250 0.210204 0.017500 0.036735
0 0.547500 0.232653 0.030000 0.048980
0 0.582500 0.112245 0.025000 0.044898
0 0.590000 0.253061 0.030000 0.048980
0 0.637500 0.242857 0.025000 0.036735
0 0.638750 0.351020 0.032500 0.048980
0 0.617500 0.526531 0.030000 0.040816
0 0.563750 0.673469 0.027500 0.057143
0 0.600000 0.722449 0.035000 0.057143
0 0.643750 0.718367 0.032500 0.057143
0 0.650000 0.551020 0.035000 0.057143
0 0.640000 0.942857 0.030000 0.057143
0 0.618750 0.155102 0.027500 0.040816
0 0.658750 0.126531 0.017500 0.040816
0 0.648750 0.073469 0.022500 0.032653
0 0.716250 0.100000 0.022500 0.036735
0 0.690000 0.132653 0.025000 0.028571
0 0.720000 0.177551 0.030000 0.036735
0 0.707500 0.277551 0.035000 0.040816
0 0.731250 0.255102 0.012500 0.044898
0 0.701250 0.375510 0.032500 0.040816
0 0.731250 0.422449 0.032500 0.053061
0 0.756250 0.430612 0.017500 0.044898
0 0.743750 0.532653 0.032500 0.053061
0 0.736250 0.671429 0.037500 0.044898
0 0.770000 0.806122 0.035000 0.053061
0 0.786250 0.877551 0.022500 0.032653
0 0.802500 0.969388 0.035000 0.053061
0 0.761250 0.104082 0.017500 0.028571
