1 0.670000 0.659247 0.120000 0.188356
1 0.803750 0.559932 0.132500 0.195205
1 0.942500 0.455479 0.060000 0.102740
1 0.828750 0.258562 0.067500 0.085616
1 0.931250 0.222603 0.032500 0.068493
1 0.687500 0.364726 0.080000 0.113014
1 0.632500 0.198630 0.045000 0.075342
1 0.563750 0.452055 0.072500 0.109589
1 0.368750 0.457192 0.072500 0.119863
1 0.510000 0.364726 0.060000 0.078767
1 0.252500 0.421233 0.060000 0.075342
1 0.118750 0.527397 0.072500 0.116438
1 0.052500 0.381849 0.055000 0.078767
1 0.241250 0.224315 0.057500 0.071918
1 0.358750 0.171233 0.052500 0.075342
1 0.480000 0.219178 0.030000 0.054795
1 0.533750 0.256849 0.032500 0.061644
1 0.143750 0.174658 0.057500 0.075342
