1 0.110000 0.589806 0.080000 0.179612
1 0.070000 0.271845 0.065000 0.145631
1 0.138750 0.123786 0.057500 0.150485
1 0.227500 0.516990 0.065000 0.169903
1 0.167500 0.412621 0.055000 0.135922
1 0.335000 0.599515 0.060000 0.199029
1 0.275000 0.939320 0.095000 0.121359
1 0.430000 0.902913 0.110000 0.194175
1 0.422500 0.364078 0.070000 0.174757
1 0.343750 0.247573 0.062500 0.145631
1 0.547500 0.383495 0.060000 0.145631
1 0.581250 0.788835 0.082500 0.160194
1 0.631250 0.589806 0.062500 0.179612
1 0.607500 0.330097 0.065000 0.165049
1 0.665000 0.131068 0.055000 0.135922
0 0.538750 0.097087 0.047500 0.097087
1 0.768750 0.422330 0.057500 0.145631
1 0.810000 0.684466 0.090000 0.203883
1 0.861250 0.655340 0.057500 0.155340
1 0.966250 0.461165 0.067500 0.184466
1 0.928750 0.206311 0.062500 0.150485
1 0.946250 0.060680 0.052500 0.092233
1 0.851250 0.366505 0.067500 0.140777
1 0.976250 0.893204 0.047500 0.213592
