1 0.267500 0.108597 0.025000 0.063348
1 0.237500 0.151584 0.040000 0.067873
1 0.165000 0.635747 0.080000 0.140271
1 0.338750 0.524887 0.062500 0.126697
1 0.420000 0.314480 0.055000 0.113122
1 0.402500 0.036199 0.020000 0.036199
1 0.458750 0.054299 0.017500 0.045249
1 0.557500 0.083710 0.030000 0.049774
1 0.543750 0.253394 0.052500 0.108597
1 0.571250 0.427602 0.062500 0.122172
1 0.653750 0.248869 0.057500 0.108597
0 0.750000 0.128959 0.030000 0.058824
1 0.812500 0.160633 0.035000 0.076923
1 0.788750 0.049774 0.027500 0.054299
1 0.852500 0.042986 0.035000 0.058824
1 0.901250 0.067873 0.032500 0.045249
