1 0.196250 0.449115 0.077500 0.146018
0 0.392500 0.615044 0.140000 0.292035
1 0.092500 0.342920 0.060000 0.119469
2 0.167500 0.179204 0.045000 0.101770
0 0.222500 0.331858 0.055000 0.088496
1 0.283750 0.261062 0.052500 0.079646
1 0.350000 0.241150 0.060000 0.084071
1 0.427500 0.287611 0.050000 0.079646
1 0.473750 0.358407 0.057500 0.106195
1 0.548750 0.369469 0.067500 0.084071
0 0.465000 0.172566 0.035000 0.070796
1 0.381250 0.099558 0.022500 0.039823
1 0.467500 0.084071 0.025000 0.044248
1 0.676250 0.457965 0.092500 0.154867
1 0.131250 0.205752 0.037500 0.084071
1 0.267500 0.183628 0.045000 0.066372
1 0.577500 0.059735 0.015000 0.030973
1 0.798750 0.902655 0.067500 0.185841
1 0.841250 0.542035 0.087500 0.172566
1 0.826250 0.289823 0.067500 0.101770
1 0.818750 0.426991 0.037500 0.092920
1 0.778750 0.210177 0.042500 0.101770
1 0.871250 0.174779 0.032500 0.066372
