2 0.125000 0.535581 0.135000 0.217228
1 0.433750 0.689139 0.132500 0.202247
1 0.538750 0.795880 0.072500 0.161049
1 0.670000 0.822097 0.125000 0.205993
1 0.818750 0.760300 0.092500 0.157303
1 0.656250 0.464419 0.067500 0.119850
1 0.722500 0.425094 0.070000 0.108614
1 0.511250 0.380150 0.047500 0.086142
1 0.563750 0.327715 0.057500 0.086142
1 0.598750 0.219101 0.037500 0.063670
1 0.683750 0.198502 0.037500 0.059925
1 0.536250 0.205993 0.037500 0.059925
1 0.582500 0.157303 0.030000 0.044944
1 0.650000 0.146067 0.035000 0.044944
1 0.742500 0.134831 0.035000 0.037453
1 0.917500 0.134831 0.025000 0.029963
