0 0.172119 0.396703 0.027832 0.037363
0 0.272217 0.412821 0.023926 0.050549
0 0.343506 0.440659 0.022949 0.040293
0 0.508789 0.393773 0.024414 0.043223
0 0.653320 0.421978 0.026367 0.051282
0 0.418945 0.404029 0.030273 0.041758
0 0.345215 0.358242 0.023438 0.042491
0 0.577148 0.400733 0.023438 0.038095
0 0.726074 0.371795 0.027344 0.044689
0 0.680176 0.335165 0.028320 0.040293
0 0.609863 0.412454 0.030273 0.036630
0 0.448486 0.364835 0.024902 0.045421
0 0.538086 0.381319 0.024414 0.041758
0 0.375000 0.426740 0.023438 0.044689
