0 0.246338 0.484615 0.025879 0.034432
0 0.432861 0.510989 0.023926 0.030037
0 0.515869 0.510623 0.020020 0.033700
0 0.583496 0.523077 0.025391 0.036630
0 0.746094 0.378022 0.018555 0.035165
0 0.805908 0.316117 0.024902 0.035897
0 0.547607 0.347619 0.021973 0.034432
0 0.396484 0.383150 0.017578 0.026374
0 0.499512 0.326740 0.020508 0.029304
0 0.329346 0.518681 0.023926 0.032234
0 0.258301 0.388645 0.019531 0.030037
0 0.210205 0.390110 0.020020 0.027106
0 0.160645 0.370696 0.020508 0.035165
0 0.685791 0.340659 0.019043 0.032234
0 0.773193 0.335165 0.019043 0.032967
0 0.447021 0.382418 0.020996 0.030769
0 0.423096 0.335897 0.019043 0.030037
0 0.297119 0.373260 0.019043 0.025641
0 0.331543 0.351282 0.016602 0.024176
0 0.619385 0.382418 0.018066 0.035165
0 0.598389 0.359707 0.017090 0.029304
0 0.656494 0.350916 0.019043 0.032234
0 0.726074 0.349084 0.021484 0.032967
