0 0.315918 0.701949 0.012695 0.029229
0 0.270996 0.714792 0.018555 0.030115
0 0.215088 0.715678 0.015137 0.028344
0 0.165039 0.714349 0.015625 0.025686
0 0.114014 0.655890 0.013184 0.029229
0 0.416992 0.705049 0.013672 0.030115
0 0.462158 0.703277 0.017090 0.028344
0 0.505859 0.702834 0.016602 0.027458
0 0.577881 0.697963 0.015137 0.028344
0 0.939941 0.639061 0.016602 0.034544
0 0.752441 0.709920 0.015625 0.022143
0 0.632324 0.703277 0.017578 0.026572
0 0.563721 0.631975 0.012207 0.025686
0 0.397461 0.635518 0.011719 0.027458
0 0.477051 0.625332 0.016602 0.031887
0 0.609619 0.635518 0.015137 0.025686
0 0.903076 0.632418 0.018066 0.028344
0 0.868164 0.632861 0.017578 0.027458
0 0.776367 0.643047 0.014648 0.026572
0 0.743164 0.643933 0.014648 0.033658
0 0.656250 0.637733 0.013672 0.019486
0 0.707275 0.647919 0.015137 0.023915
0 0.687988 0.569531 0.013672 0.021258
0 0.509521 0.549159 0.013184 0.024801
0 0.447266 0.554030 0.012695 0.022143
0 0.106689 0.558016 0.017090 0.024801
0 0.068604 0.554030 0.015137 0.029229
0 0.150635 0.563330 0.017090 0.021258
0 0.197266 0.567759 0.014648 0.024801
0 0.234131 0.570416 0.008301 0.019486
0 0.378418 0.579274 0.016602 0.021258
0 0.215576 0.648804 0.015137 0.022143
0 0.176025 0.657219 0.017090 0.028344
0 0.136230 0.656776 0.015625 0.031001
0 0.527344 0.630204 0.014648 0.027458
0 0.431885 0.646590 0.010254 0.021258
0 0.814941 0.636404 0.014648 0.022143
0 0.692383 0.705934 0.018555 0.033658
0 0.316406 0.648361 0.014648 0.026572
0 0.265137 0.651461 0.013672 0.027458
0 0.317139 0.589460 0.013184 0.025686
0 0.354248 0.585474 0.013184 0.024801
0 0.720215 0.562445 0.011719 0.024801
0 0.632324 0.567316 0.010742 0.023915
0 0.359619 0.637733 0.020020 0.024801
